Energy      Dose Ambient equivalent 
 (MeV)       ( pSv / (gamma/cm^2) )
_______________________________

0.01           0.0485
0.015          0.1254 
0.02           0.2050  
0.03           0.2999  
0.04           0.3381 
0.05           0.3572           
0.06           0.3780  
0.07           0.4066  
0.08           0.4399  
0.10           0.5172  
0.15           0.7523 
0.20           1.0041          
0.3            1.5083  
0.4            1.9958  
0.5            2.4657  
0.6            2.9082  
0.8            3.7269 
1.0            4.4834          
2.0            7.4896 
4.0            12.0153 
6.0            15.9873 
8.0            19.9191 
10.0           23.7600
